000	090	086	112	125	110	087	079	016	113
090	000	005	068	098	014	012	115	109	085
086	005	000	098	67	123	017	038	118	018
112	068	098	000	006	123	065	032	122	057
125	098	067	006	000	011	101	029	044	026
110	014	123	123	011	000	010	110	001	054
087	012	017	065	101	010	000	101	109	055
079	115	038	032	029	110	101	000	108	047
016	109	118	122	044	001	109	108	000	099
113	085	018	057	026	054	055	047	099	000
